270 120 360
[-60,420]
[-50,-60][-50,-50][-50,-40][-50,-30][-50,-20][-50,-10][-50,0][-50,10][-50,20][-50,30][-50,40][-50,50][-50,60][-50,70][-50,80][-50,90][-50,100][-50,110][-50,120][-50,130][-50,140][-50,150][-50,160][-50,170][-50,190][-50,210][-50,240]
[-40,-60][-40,-50][-40,-40][-40,-30][-40,-20][-40,-10][-40,0][-40,10][-40,20][-40,30][-40,40][-40,50][-40,60][-40,70][-40,80][-40,90][-40,100][-40,110][-40,120][-40,130][-40,140][-40,150][-40,160][-40,170][-40,180][-40,190][-40,200][-40,210][-40,220][-40,230][-40,240][-40,250][-40,260][-40,270][-40,280][-40,290][-40,300][-40,310][-40,320][-40,330][-40,340][-40,350][-40,360][-40,370][-40,380][-40,390][-40,400][-40,410][-40,420]
[-30,-60][-30,-50][-30,-40][-30,160][-30,170][-30,180][-30,190][-30,200][-30,210][-30,220][-30,230][-30,240][-30,250][-30,260][-30,270][-30,280][-30,290][-30,300][-30,310][-30,320][-30,330][-30,340][-30,350][-30,360][-30,370][-30,380][-30,390][-30,400][-30,410][-30,420]
[-20,-60][-20,-50][-20,-40][-20,390][-20,400][-20,410][-20,420]
[-10,-60][-10,-50][-10,-40][-10,390][-10,400][-10,410][-10,420]
[0,-60][0,-50][0,-40][0,400][0,410][0,420]
[10,-60][10,-50][10,-40][10,390][10,400][10,410][10,420]
[20,-60][20,-50][20,-40][20,400][20,410][20,420][20,430][20,440][20,450][20,460][20,470]
[30,-60][30,-50][30,-40][30,400][30,450][30,460][30,470]
[40,-60][40,-50][40,-40][40,450][40,460][40,470]
[50,-60][50,-50][50,-40][50,80][50,90][50,100][50,110][50,120][50,130][50,140][50,150][50,160][50,170][50,180][50,190][50,200][50,210][50,220][50,230][50,240][50,250][50,260][50,450][50,460][50,470]
[60,-80][60,-60][60,-50][60,90][60,100][60,110][60,120][60,130][60,140][60,150][60,160][60,180][60,190][60,210][60,240][60,450][60,460][60,470]
[70,-60][70,-50][70,90][70,100][70,110][70,120][70,130][70,140][70,150][70,160][70,170][70,180][70,190][70,200][70,210][70,220][70,230][70,240][70,250][70,260][70,450][70,460][70,470]
[80,-150][80,-140][80,-130][80,-120][80,-110][80,-100][80,-90][80,-80][80,-60][80,-50][80,90][80,100][80,110][80,120][80,130][80,140][80,150][80,160][80,170][80,180][80,190][80,200][80,210][80,220][80,230][80,240][80,250][80,430][80,450][80,460][80,470][80,480]
[90,-230][90,-220][90,-210][90,-200][90,-190][90,-180][90,-170][90,-160][90,-150][90,-140][90,-130][90,-120][90,-110][90,-100][90,-90][90,-80][90,-60][90,90][90,100][90,110][90,120][90,450][90,460][90,470][90,480]
[100,-240][100,-230][100,-220][100,-210][100,-200][100,-190][100,-180][100,-170][100,-160][100,-90][100,-80][100,-70][100,-60][100,90][100,100][100,450][100,460][100,470][100,480]
[110,-240][110,-230][110,-80][110,-70][110,-60][110,-50][110,90][110,100][110,450][110,460][110,470]
[120,-240][120,-230][120,-80][120,-70][120,-60][120,90][120,100][120,450][120,460][120,470]
[130,-240][130,-230][130,-220][130,-80][130,-60][130,90][130,100][130,450][130,460][130,470]
[140,-240][140,-230][140,-220][140,-80][140,-70][140,-60][140,90][140,100][140,460][140,470]
[150,-240][150,-230][150,-220][150,-80][150,-60][150,90][150,100][150,460][150,470]
[160,-240][160,-230][160,-220][160,-80][160,-60][160,90][160,100][160,460][160,470]
[170,-240][170,-230][170,-220][170,-80][170,-60][170,90][170,100][170,210][170,220][170,230][170,240][170,250][170,260][170,270][170,280][170,300][170,460][170,470]
[180,-230][180,-220][180,-80][180,-60][180,90][180,100][180,210][180,220][180,230][180,240][180,250][180,260][180,270][180,280][180,290][180,300][180,460][180,470]
[190,-230][190,-220][190,-80][190,-60][190,90][190,100][190,210][190,260][190,270][190,280][190,290][190,300][190,460][190,470]
[200,-240][200,-230][200,-220][200,-80][200,-60][200,-50][200,80][200,90][200,100][200,260][200,270][200,280][200,300][200,460][200,470]
[210,-240][210,-230][210,-220][210,-80][210,-70][210,-60][210,-50][210,-40][210,-30][210,-20][210,-10][210,0][210,10][210,20][210,30][210,50][210,60][210,80][210,90][210,100][210,280][210,300][210,460][210,470]
[220,-240][220,-220][220,-170][220,-160][220,-140][220,-80][220,-70][220,-60][220,-50][220,-40][220,-30][220,-20][220,-10][220,0][220,10][220,20][220,30][220,40][220,50][220,60][220,70][220,80][220,90][220,100][220,150][220,210][220,220][220,230][220,240][220,250][220,260][220,270][220,280][220,300][220,460][220,470]
[230,-180][230,-170][230,-160][230,-140][230,210][230,220][230,230][230,240][230,250][230,260][230,270][230,280][230,300][230,460][230,470]
[240,-180][240,-170][240,-160][240,-140][240,460][240,470]
[250,-180][250,-170][250,-160][250,460][250,470]
[260,-180][260,-170][260,-160][260,460][260,470]
[270,-170][270,-160][270,-150][270,460][270,470]
[280,-170][280,-160][280,-150][280,440][280,460][280,470]
[290,-170][290,-160][290,-150][290,440][290,460][290,470]
[300,-170][300,-160][300,-150][300,440][300,460][300,470]
[310,-170][310,-160][310,-150][310,440][310,450][310,460][310,470]
[320,-170][320,-160][320,-150][320,460][320,470]
[330,-170][330,-160][330,-150][330,460][330,470]
[340,-170][340,-160][340,-150][340,320][340,330][340,340][340,350][340,460][340,470]
[350,-170][350,-160][350,-150][350,-20][350,270][350,280][350,290][350,300][350,310][350,320][350,330][350,460][350,470]
[360,-170][360,-160][360,-150][360,-120][360,-110][360,-100][360,-90][360,-80][360,-70][360,-60][360,-50][360,-40][360,-30][360,-20][360,-10][360,0][360,10][360,270][360,280][360,290][360,300][360,310][360,320][360,330][360,340][360,350][360,370][360,460][360,470]
[370,-170][370,-160][370,-150][370,-140][370,-130][370,-120][370,-110][370,-100][370,-90][370,-80][370,-70][370,-60][370,-50][370,-40][370,-30][370,-20][370,-10][370,0][370,10][370,280][370,300][370,310][370,320][370,470]
[380,-170][380,-160][380,-150][380,-140][380,-130][380,-120][380,-110][380,-100][380,-90][380,-80][380,-70][380,-60][380,-50][380,-40][380,-30][380,-20][380,-10][380,10][380,270][380,280][380,460][380,470]
[390,-170][390,-160][390,-140][390,280][390,470]
[400,-170][400,-160][400,120][400,130][400,140][400,160][400,170][400,230][400,240][400,250][400,260][400,270][400,280][400,470]
[410,-170][410,-160][410,120][410,130][410,140][410,150][410,160][410,170][410,180][410,190][410,200][410,210][410,220][410,230][410,240][410,250][410,260][410,270][410,280][410,290][410,470]
[420,-170][420,-160][420,120][420,130][420,140][420,150][420,160][420,170][420,180][420,190][420,200][420,210][420,220][420,230][420,240][420,260][420,270][420,280][420,290][420,470]
[430,-170][430,-160][430,110][430,120][430,130][430,280][430,470]
[440,-160][440,110][440,120][440,130][440,280][440,470]
[450,-160][450,120][450,130][450,280][450,470]
[460,-160][460,120][460,130][460,280][460,470]
[470,-160][470,130][470,280][470,290][470,470]
[480,-160][480,280][480,290][480,470]
[490,-160][490,-150][490,140][490,280][490,290][490,300][490,470]
[500,-160][500,-150][500,280][500,290][500,300][500,470]
[510,-160][510,-150][510,280][510,290][510,300][510,430][510,440][510,450][510,460][510,470][510,480]
[520,-160][520,-150][520,280][520,290][520,300][520,430][520,440]
[530,-160][530,-150][530,280][530,290][530,300][530,430][530,440]
[540,-160][540,-150][540,280][540,290][540,300][540,430][540,440]
[550,-160][550,-150][550,80][550,90][550,100][550,110][550,280][550,290][550,300][550,430][550,440]
[560,-160][560,-150][560,50][560,60][560,70][560,80][560,250][560,260][560,270][560,280][560,290][560,300][560,330][560,350][560,430][560,440]
[570,-160][570,-150][570,-20][570,-10][570,10][570,20][570,30][570,40][570,50][570,60][570,70][570,80][570,90][570,100][570,110][570,120][570,130][570,140][570,150][570,160][570,170][570,180][570,190][570,200][570,210][570,220][570,230][570,240][570,250][570,260][570,270][570,280][570,290][570,300][570,310][570,320][570,330][570,340][570,350][570,360][570,370][570,380][570,390][570,400][570,410][570,420][570,430][570,440]
[580,-160][580,-150][580,-130][580,-120][580,-110][580,-100][580,-90][580,-80][580,-70][580,-60][580,-50][580,-40][580,-30][580,-20][580,-10][580,0][580,10][580,20][580,30][580,40][580,50][580,60][580,70][580,80][580,90][580,100][580,110][580,300][580,310]
[590,-150][590,-140][590,-130][590,-120][590,-110][590,-100][590,-90][590,-80][590,-70][590,-60][590,-50][590,-40][590,-30][590,-20][590,-10][590,0][590,10][590,20]
[600,-150][600,-130]
