250 130 340
[-50,-50][-50,-40][-50,-30][-50,-20][-50,-10][-50,0][-50,10][-50,20][-50,30][-50,40][-50,50][-50,60][-50,70][-50,80][-50,90][-50,100][-50,110][-50,120][-50,130][-50,140][-50,150][-50,160][-50,170][-50,180][-50,190][-50,200][-50,210][-50,220][-50,230][-50,240][-50,250][-50,260][-50,270][-50,280][-50,290][-50,300][-50,310][-50,320][-50,330][-50,340][-50,350][-50,360][-50,370][-50,380][-50,390][-50,400][-50,410]
[-40,-50][-40,410]
[-30,-50][-30,410]
[-20,-50][-20,410]
[-10,-50][-10,410]
[0,-50][0,410][0,420][0,430][0,440][0,450][0,460][0,470]
[10,-50][10,470]
[20,-50][20,470]
[30,-50][30,470]
[40,-50][40,470]
[50,-50][50,100][50,110][50,120][50,130][50,140][50,150][50,160][50,170][50,180][50,190][50,200][50,210][50,220][50,230][50,240][50,250][50,470]
[60,-210][60,-200][60,-190][60,-180][60,-170][60,-160][60,-150][60,-140][60,-130][60,-120][60,-110][60,-100][60,-90][60,-80][60,-70][60,-60][60,-50][60,100][60,110][60,120][60,130][60,140][60,150][60,160][60,170][60,180][60,190][60,200][60,210][60,220][60,230][60,240][60,250][60,470]
[70,-210][70,-60][70,-50][70,100][70,470]
[80,-210][80,-60][80,-50][80,100][80,470]
[90,-210][90,-60][90,-50][90,100][90,470]
[100,-210][100,-60][100,-50][100,100][100,470]
[110,-210][110,-60][110,-50][110,100][110,470]
[120,-210][120,-60][120,-50][120,100][120,470]
[130,-210][130,-60][130,-50][130,100][130,470]
[140,-210][140,-60][140,-50][140,100][140,470]
[150,-210][150,-60][150,-50][150,100][150,470]
[160,-210][160,-60][160,-50][160,100][160,220][160,230][160,240][160,250][160,260][160,270][160,280][160,470]
[170,-210][170,-60][170,-50][170,100][170,280][170,470]
[180,-210][180,-200][180,-190][180,-180][180,-170][180,-160][180,-60][180,-50][180,100][180,280][180,470]
[190,-160][190,-60][190,-50][190,100][190,280][190,470]
[200,-160][200,-60][200,-50][200,100][200,280][200,470]
[210,-160][210,-60][210,-50][210,-40][210,-30][210,-20][210,-10][210,0][210,10][210,20][210,30][210,40][210,50][210,60][210,70][210,80][210,90][210,100][210,220][210,230][210,240][210,250][210,260][210,270][210,280][210,470]
[220,-160][220,470]
[230,-160][230,470]
[240,-160][240,470]
[250,-160][250,470]
[260,-160][260,470]
[270,-160][270,470]
[280,-160][280,470]
[290,-160][290,470]
[300,-160][300,470]
[310,-160][310,470]
[320,-160][320,470]
[330,-160][330,470]
[340,-160][340,-150][340,-140][340,-130][340,-120][340,-110][340,-100][340,-90][340,-80][340,-70][340,-60][340,-50][340,-40][340,-30][340,-20][340,-10][340,0][340,280][340,290][340,300][340,310][340,320][340,330][340,340][340,470]
[350,-160][350,280][350,470]
[360,-160][360,280][360,470]
[370,-160][370,280][370,470]
[380,-160][380,280][380,470]
[390,-160][390,120][390,130][390,140][390,150][390,160][390,170][390,180][390,190][390,200][390,210][390,220][390,230][390,240][390,250][390,260][390,270][390,280][390,470]
[400,-160][400,120][400,280][400,470]
[410,-160][410,120][410,280][410,470]
[420,-160][420,120][420,280][420,470]
[430,-160][430,120][430,280][430,470]
[440,-160][440,120][440,280][440,470]
[450,-160][450,120][450,280][450,470]
[460,-160][460,280][460,470]
[470,-160][470,280][470,470]
[480,-160][480,280][480,470]
[490,-160][490,280][490,430][490,440][490,450][490,460][490,470]
[500,-160][500,280][500,430]
[510,-160][510,280][510,430]
[520,-160][520,280][520,430]
[530,-160][530,280][530,430]
[540,-160][540,280][540,430]
[550,-160][550,-150][550,-140][550,-130][550,-120][550,-110][550,-100][550,-90][550,-80][550,-70][550,-60][550,-50][550,-40][550,-30][550,-20][550,-10][550,0][550,10][550,20][550,30][550,40][550,50][550,60][550,70][550,80][550,90][550,100][550,110][550,120][550,130][550,140][550,150][550,160][550,170][550,180][550,190][550,200][550,210][550,220][550,230][550,240][550,250][550,260][550,270][550,280][550,290][550,300][550,310][550,320][550,330][550,340][550,350][550,360][550,370][550,380][550,390][550,400][550,410][550,420][550,430]
