kobuki instantiated
Loading map
num1: 250, num2: 130, num3: 340
load 500 -240 580 -80
Map loaded
380 390
Point coord0 0 380 380
ind_start_x 16 ind_start_y 28 ind_goal_x 54 ind_goal_y 66
Map ind 0 0 380 380
found goal
X: 0 Y: 3600
X: 400 Y: 3600
X: 400 Y: 3800
X: 3800 Y: 3800
0   0   0   0   0   0   0   0   0   0   0   0   0   0   0   0   0   0   0   0   0   0   0   0   0   0   0   0   0   0   0   0   0   0   0   0   0   0   0   0   0   0   0   0   0   0   0   0   0   0   0   0   0   0   0   0   0   0   0   0   0   0   0   0   0   0   0   0   0   0   0   0   0   0   0   0   0   0   0   0   0   0   0   0   |
0   0   0   0   0   0   0   0   0   0   0   0   0   0   0   0   0   0   0   0   0   0   0   0   0   0   0   0   0   0   0   0   0   0   0   0   0   0   0   0   0   0   0   0   0   0   0   0   0   0   0   0   0   0   0   0   0   0   0   0   0   0   0   0   0   0   0   0   0   0   0   0   0   0   0   0   0   0   0   0   0   0   0   0   |
0   0   0   0   0   0   0   0   0   0   0   0   0   0   0   0   0   0   0   0   0   0   0   0   0   0   0   0   0   0   0   0   0   0   0   0   0   0   0   0   0   0   0   0   0   0   0   0   0   0   0   0   0   0   0   0   0   0   0   0   0   0   0   0   0   0   0   0   0   0   0   0   0   0   0   0   0   0   0   0   0   0   0   0   |
0   0   0   0   0   0   0   0   0   0   0   0   0   0   0   0   0   0   0   0   0   0   0   0   0   0   0   0   0   0   0   0   0   0   0   0   0   0   0   0   0   0   0   0   0   0   0   0   0   0   0   0   0   0   0   0   0   0   0   0   0   0   0   0   0   0   0   0   0   0   0   0   0   0   0   0   0   0   0   0   0   0   0   0   |
0   0   0   0   0   0   0   0   0   0   0   0   0   0   0   0   0   0   0   0   0   0   0   0   0   0   0   0   0   0   0   0   0   0   0   0   0   0   0   0   0   0   0   0   0   0   0   0   0   0   0   0   0   0   0   0   0   0   0   0   0   0   0   0   0   0   0   0   0   0   0   0   0   0   0   0   0   0   0   0   0   0   0   0   |
0   0   0   0   0   0   0   0   0   0   0   0   0   0   0   0   0   0   0   0   0   0   0   0   0   0   0   0   0   0   0   0   0   0   0   0   0   0   0   0   0   0   0   0   0   0   0   0   0   0   0   0   0   0   0   0   0   0   0   0   0   0   0   0   0   0   0   0   0   0   0   0   0   0   0   0   0   0   0   0   0   0   0   0   |
0   0   0   0   0   0   0   0   0   0   0   0   0   0   0   0   0   0   0   0   0   0   0   0   0   0   0   0   0   0   0   0   0   0   0   0   0   0   0   0   0   0   0   0   0   0   0   0   0   0   0   0   0   0   0   0   0   0   0   0   0   0   0   0   0   0   0   0   0   0   0   0   0   0   0   0   0   0   0   0   0   0   0   0   |
0   0   0   0   0   0   0   0   0   0   0   0   0   0   0   0   0   0   0   0   0   0   0   0   0   0   0   0   0   0   0   0   0   0   0   0   0   0   0   0   0   0   0   0   0   0   0   0   0   0   0   0   0   0   0   0   0   0   0   0   0   0   0   0   0   0   0   0   0   0   0   0   0   0   0   0   0   0   0   0   0   0   0   0   |
0   0   0   0   0   0   0   0   0   0   0   0   0   0   0   0   0   0   0   0   1   1   1   1   1   1   1   1   1   1   1   1   1   1   1   1   1   1   1   1   1   1   1   1   1   1   1   1   1   1   1   1   1   1   1   1   1   1   1   1   1   1   1   1   1   1   1   1   1   1   1   1   1   0   0   0   0   0   0   0   0   0   0   0   |
0   0   0   0   0   0   0   0   0   0   0   0   0   0   0   0   0   0   0   0   1   1   1   1   1   1   1   1   1   1   1   1   1   1   1   1   1   1   1   1   1   1   1   1   1   1   1   1   1   1   1   1   1   1   1   1   1   1   1   1   1   1   1   1   1   1   1   1   1   1   1   1   1   0   0   0   0   0   0   0   0   0   0   0   |
0   0   0   0   0   0   0   0   0   0   0   0   0   0   0   0   0   0   0   0   1   1   1   1   1   1   1   1   1   1   1   1   1   1   1   1   1   1   1   1   1   1   1   1   1   1   1   1   1   1   1   1   1   1   1   1   1   1   1   1   1   1   1   1   1   1   1   1   1   1   1   1   1   0   0   0   0   0   0   0   0   0   0   0   |
0   0   0   0   0   0   0   0   0   0   0   0   0   0   0   0   0   0   0   0   1   1   1   1   1   1   1   1   1   1   1   1   1   1   1   1   1   1   1   1   1   1   1   1   1   1   1   1   1   1   1   1   1   1   1   1   1   1   1   1   1   1   1   1   1   1   1   1   1   1   1   1   1   0   0   0   0   0   0   0   0   0   0   0   |
0   0   0   0   0   0   0   0   0   0   0   0   0   0   0   0   0   0   0   0   1   1   1   1   1   1   1   1   1   1   1   1   1   1   1   1   1   1   1   1   1   1   1   1   1   1   1   1   1   1   1   1   1   1   1   1   1   1   1   1   1   1   1   1   1   1   1   1   1   1   1   1   1   0   0   0   0   0   0   0   0   0   0   0   |
0   0   0   0   0   0   0   0   0   0   0   0   0   0   0   0   0   0   0   0   1   1   1   1   1   1   1   1   1   1   1   1   1   1   1   1   1   1   1   1   1   1   1   1   1   1   1   1   1   1   1   1   1   1   1   1   1   1   1   1   1   1   1   1   1   1   1   1   1   1   1   1   1   1   1   1   1   1   1   0   0   0   0   0   |
0   0   0   0   0   0   0   0   0   0   0   0   0   0   0   0   0   0   0   0   1   1   1   1   1   1   1   1   1   1   1   1   1   1   1   1   1   1   1   1   1   1   1   1   1   1   1   1   1   1   1   1   1   1   1   1   1   1   1   1   1   1   1   1   1   1   1   1   1   1   1   1   1   1   1   1   1   1   1   0   0   0   0   0   |
0   0   0   0   0   0   0   0   0   0   0   0   0   0   0   0   0   0   0   0   1   1   1   1   1   1   1   0   77  76  75  74  73  72  71  70  69  68  67  66  65  64  63  62  61  60  59  58  57  56  55  54  53  52  51  50  49  48  47  46  45  44  43  42  41  40  1   1   1   1   1   1   1   1   1   1   1   1   1   0   0   0   0   0   |
0   0   0   0   0   0   0   0   0   0   0   0   0   0   0   0   0   0   0   0   1   1   1   1   1   1   1   0   X   75  74  73  72  71  70  69  68  67  66  65  64  63  62  61  60  59  58  57  56  55  54  53  52  51  50  49  48  47  46  45  44  43  42  41  40  39  1   1   1   1   1   1   1   1   1   1   1   1   1   0   0   0   0   0   |
0   0   0   0   0   0   0   0   0   0   0   0   0   0   0   0   0   0   0   0   1   1   1   1   1   1   1   76  75  74  73  72  71  70  69  68  67  66  65  64  63  62  61  60  59  58  57  56  55  54  53  52  51  50  49  48  47  46  45  44  43  42  41  40  39  38  1   1   1   1   1   1   1   1   1   1   1   1   1   0   0   0   0   0   |
0   0   0   0   0   0   0   0   0   0   0   0   0   0   0   0   0   0   0   0   1   1   1   1   1   1   1   0   76  75  74  73  72  71  70  1   1   1   1   1   1   1   1   1   1   1   1   1   1   1   1   1   1   1   1   1   1   45  44  43  42  41  40  39  38  37  1   1   1   1   1   1   1   1   1   1   1   1   1   0   0   0   0   0   |
0   0   0   0   1   1   1   1   1   1   1   1   1   1   1   1   1   1   1   1   1   1   1   1   1   1   1   0   77  76  75  74  73  72  71  1   1   1   1   1   1   1   1   1   1   1   1   1   1   1   1   1   1   1   1   1   1   1   43  42  41  40  39  38  37  36  1   1   1   1   1   1   1   1   1   1   1   1   1   0   0   0   0   0   |
0   0   0   0   1   1   1   1   1   1   1   1   1   1   1   1   1   1   1   1   1   1   1   1   1   1   1   0   0   77  76  75  74  73  72  1   1   1   1   1   1   1   1   1   1   1   1   1   1   1   1   1   1   1   1   1   1   1   42  41  40  39  38  37  36  35  34  35  36  37  38  39  1   1   1   1   1   1   1   0   0   0   0   0   |
0   0   0   0   1   1   1   1   1   1   1   1   1   1   1   1   1   1   1   1   1   1   1   1   1   1   1   0   0   0   77  76  75  74  73  1   1   1   1   1   1   1   1   1   1   1   1   1   1   1   1   1   1   1   1   1   1   1   41  40  39  38  37  36  35  34  33  34  35  36  37  38  1   1   1   1   1   1   1   0   0   0   0   0   |
0   0   0   0   1   1   1   1   1   1   1   1   1   1   1   1   1   1   1   1   1   1   1   1   1   1   1   0   0   0   0   77  76  75  74  1   1   1   1   1   1   1   1   1   1   1   1   1   1   1   1   1   1   1   1   1   1   1   40  39  38  37  36  35  34  33  32  33  34  35  36  37  1   1   1   1   1   1   1   0   0   0   0   0   |
0   0   0   0   1   1   1   1   1   1   1   1   1   1   1   1   1   1   1   1   1   1   1   1   1   1   1   0   0   0   0   0   77  76  75  1   1   1   1   1   1   1   1   1   1   1   1   1   1   1   1   1   1   1   1   1   1   1   39  38  37  36  35  34  33  32  31  32  33  34  35  36  1   1   1   1   1   1   1   0   0   0   0   0   |
0   0   0   0   1   1   1   1   1   1   1   1   1   1   1   1   1   1   1   1   1   1   1   1   1   1   1   0   0   0   0   0   0   77  76  1   1   1   1   1   1   1   1   1   1   1   1   1   1   1   1   1   1   1   1   1   1   1   38  37  36  35  34  33  32  31  30  31  32  33  34  35  1   1   1   1   1   1   1   0   0   0   0   0   |
0   0   0   0   1   1   1   1   1   1   1   1   1   1   1   1   1   1   1   1   1   1   1   1   1   1   1   0   0   0   0   0   0   0   0   1   1   1   1   1   1   1   1   1   1   1   1   1   1   1   1   1   1   1   1   1   1   1   37  36  35  34  33  32  31  30  29  30  31  32  33  34  1   1   1   1   1   1   1   0   0   0   0   0   |
0   0   0   0   1   1   1   1   1   1   1   0   0   0   0   0   0   77  76  1   1   1   1   1   1   1   1   0   0   0   0   0   0   0   0   1   1   1   1   1   1   1   52  51  50  49  48  47  46  45  44  43  42  41  40  39  38  37  36  35  34  33  32  31  30  29  28  29  30  31  32  33  1   1   1   1   1   1   1   0   0   0   0   0   |
0   0   0   0   1   1   1   1   1   1   1   0   0   0   0   0   77  76  75  1   1   1   1   1   1   1   1   0   0   0   0   0   0   0   0   1   1   1   1   1   1   1   51  50  49  48  47  46  45  44  43  42  41  40  39  38  37  36  35  34  33  32  31  30  29  28  27  28  29  30  31  32  1   1   1   1   1   1   1   0   0   0   0   0   |
0   0   0   0   1   1   1   1   1   1   1   0   0   0   0   77  76  75  74  1   1   1   1   1   1   1   1   0   0   0   0   0   0   0   0   1   1   1   1   1   1   1   50  49  48  47  46  45  44  43  42  41  40  39  38  37  36  35  34  33  32  31  30  29  28  27  26  27  28  29  30  31  1   1   1   1   1   1   1   0   0   0   0   0   |
0   0   0   0   1   1   1   1   1   1   1   0   0   0   77  76  75  74  73  1   1   1   1   1   1   1   1   0   0   0   0   0   0   0   0   1   1   1   1   1   1   1   49  48  47  46  45  1   1   1   1   1   1   1   1   1   1   1   1   1   31  30  29  28  27  26  25  26  27  28  29  30  1   1   1   1   1   1   1   0   0   0   0   0   |
0   0   0   0   1   1   1   1   1   1   1   0   0   77  76  75  74  73  72  1   1   1   1   1   1   1   1   0   0   0   0   0   0   0   0   1   1   1   1   1   1   1   48  47  46  45  44  1   1   1   1   1   1   1   1   1   1   1   1   1   30  29  28  27  26  25  24  25  26  27  28  29  1   1   1   1   1   1   1   0   0   0   0   0   |
0   0   0   0   1   1   1   1   1   1   1   1   1   1   1   1   73  72  71  1   1   1   1   1   1   1   1   0   0   0   0   0   0   0   0   1   1   1   1   1   1   1   47  46  45  44  43  1   1   1   1   1   1   1   1   1   1   1   1   1   29  28  27  26  25  24  23  24  25  26  27  28  1   1   1   1   1   1   1   0   0   0   0   0   |
0   0   0   0   1   1   1   1   1   1   1   1   1   1   1   1   72  71  70  1   1   1   1   1   1   1   1   0   0   0   0   0   0   0   0   1   1   1   1   1   1   1   46  45  44  43  42  1   1   1   1   1   1   1   1   1   1   1   1   1   28  27  26  25  24  23  22  23  24  25  26  27  1   1   1   1   1   1   1   0   0   0   0   0   |
0   0   0   0   1   1   1   1   1   1   1   1   1   1   1   1   71  70  69  1   1   1   1   1   1   1   1   0   0   0   0   0   0   0   0   1   1   1   1   1   1   1   45  44  43  42  41  1   1   1   1   1   1   1   1   1   1   1   1   1   27  26  25  24  23  22  21  22  23  24  25  26  1   1   1   1   1   1   1   0   0   0   0   0   |
0   0   0   0   1   1   1   1   1   1   1   1   1   1   1   1   70  69  68  1   1   1   1   1   1   1   1   1   1   1   1   1   1   1   1   1   1   1   1   1   1   1   44  43  42  41  40  1   1   1   1   1   1   1   1   1   1   1   1   1   26  25  24  23  22  21  20  21  22  23  24  25  1   1   1   1   1   1   1   0   0   0   0   0   |
0   0   0   0   1   1   1   1   1   1   1   1   1   1   1   1   69  68  67  1   1   1   1   1   1   1   1   1   1   1   1   1   1   1   1   1   1   1   1   1   1   1   43  42  41  40  39  1   1   1   1   1   1   1   1   1   1   1   1   1   25  24  23  22  21  20  19  20  21  22  23  24  1   1   1   1   1   1   1   0   0   0   0   0   |
0   0   0   0   1   1   1   1   1   1   1   1   1   1   1   1   68  67  66  1   1   1   1   1   1   1   1   1   1   1   1   1   1   1   1   1   1   1   1   1   1   1   42  41  40  39  38  1   1   1   1   1   1   1   1   1   1   1   1   1   24  23  22  21  20  19  18  19  20  21  22  23  1   1   1   1   1   1   1   0   0   0   0   0   |
0   0   0   0   1   1   1   1   1   1   1   1   1   1   1   1   67  66  65  1   1   1   1   1   1   1   1   1   1   1   1   1   1   1   1   1   1   1   1   1   1   1   41  40  39  38  37  1   1   1   1   1   1   1   1   1   1   1   1   1   23  22  21  20  19  18  17  18  19  20  21  22  1   1   1   1   1   1   1   0   0   0   0   0   |
0   0   0   0   0   0   0   0   0   1   1   1   1   1   1   1   66  65  64  1   1   1   1   1   1   1   1   1   1   1   1   1   1   1   1   1   1   1   1   1   1   1   40  39  38  37  36  1   1   1   1   1   1   1   1   1   1   1   1   1   22  21  20  19  18  17  16  17  18  19  20  21  1   1   1   1   1   1   1   0   0   0   0   0   |
0   0   0   0   0   0   0   0   0   1   1   1   1   1   1   1   65  64  63  1   1   1   1   1   1   1   1   1   1   1   1   1   1   1   1   1   1   1   1   1   1   1   39  38  37  36  35  1   1   1   1   1   1   1   1   1   1   1   1   1   21  20  19  18  17  16  15  16  17  18  19  20  1   1   1   1   1   1   1   0   0   0   0   0   |
0   0   0   0   0   0   0   0   0   1   1   1   1   1   1   1   64  63  62  1   1   1   1   1   1   1   1   1   1   1   1   1   1   1   1   1   1   1   1   1   1   1   38  37  36  35  34  1   1   1   1   1   1   1   1   1   1   1   1   1   20  19  18  17  16  15  14  15  16  17  18  19  1   1   1   1   1   1   1   0   0   0   0   0   |
0   0   0   0   0   0   0   0   0   1   1   1   1   1   1   1   63  62  61  60  59  58  57  56  55  54  53  52  51  50  49  48  47  46  45  44  43  42  41  40  39  38  37  36  35  34  33  32  31  30  29  28  27  26  25  24  23  22  21  20  19  18  17  16  15  14  13  14  15  16  17  18  1   1   1   1   1   1   1   0   0   0   0   0   |
0   0   0   0   0   0   0   0   0   1   1   1   1   1   1   1   62  61  60  59  58  57  56  55  54  53  52  51  50  49  48  47  46  45  44  43  42  41  40  39  38  37  36  35  34  33  32  31  30  29  28  27  26  25  24  23  22  21  20  19  18  17  16  15  14  13  12  13  14  15  16  17  1   1   1   1   1   1   1   0   0   0   0   0   |
0   0   0   0   0   0   0   0   0   1   1   1   1   1   1   1   61  60  59  58  57  56  55  54  53  52  51  50  49  48  47  46  45  44  43  42  41  40  39  38  37  36  35  34  33  32  31  30  29  28  27  26  25  24  23  22  21  20  19  18  17  16  15  14  13  12  11  12  13  14  15  16  1   1   1   1   1   1   1   0   0   0   0   0   |
0   0   0   0   0   0   0   0   0   1   1   1   1   1   1   1   60  59  58  57  56  55  54  53  52  51  50  49  48  47  46  45  44  43  42  41  40  39  38  37  36  35  34  33  32  31  30  29  28  27  26  25  24  23  22  21  20  19  18  17  16  15  14  13  12  11  10  11  12  13  14  15  1   1   1   1   1   1   1   0   0   0   0   0   |
0   0   0   0   0   0   0   0   0   1   1   1   1   1   1   1   59  58  57  56  55  54  53  52  51  50  49  48  47  46  45  44  43  42  41  40  39  38  37  36  35  34  33  32  31  30  29  28  27  26  25  24  23  22  21  20  19  18  17  16  15  14  13  12  11  10  9   10  11  12  13  14  1   1   1   1   1   1   1   0   0   0   0   0   |
0   0   0   0   0   0   0   0   0   1   1   1   1   1   1   1   58  57  56  55  54  53  52  51  50  49  48  47  46  45  44  43  42  41  40  39  38  37  36  35  34  33  32  31  30  29  28  27  26  25  24  23  22  21  20  19  18  17  16  15  14  13  12  11  10  9   8   9   10  11  12  13  1   1   1   1   1   1   1   0   0   0   0   0   |
0   0   0   0   0   0   0   0   0   1   1   1   1   1   1   1   1   1   1   1   1   1   1   1   1   1   1   1   1   1   1   1   43  42  41  40  39  38  37  36  35  34  33  32  31  30  29  28  27  26  25  24  23  1   1   1   1   1   1   1   1   1   1   1   1   1   7   8   9   10  11  12  1   1   1   1   1   1   1   0   0   0   0   0   |
0   0   0   0   0   0   0   0   0   1   1   1   1   1   1   1   1   1   1   1   1   1   1   1   1   1   1   1   1   1   1   1   44  43  42  41  40  39  38  37  36  35  34  33  32  31  30  29  28  27  26  25  24  1   1   1   1   1   1   1   1   1   1   1   1   1   6   7   8   9   10  11  1   1   1   1   1   1   1   0   0   0   0   0   |
0   0   0   0   0   0   0   0   0   1   1   1   1   1   1   1   1   1   1   1   1   1   1   1   1   1   1   1   1   1   1   1   45  44  43  42  41  40  39  38  37  36  35  34  33  32  31  30  29  28  27  26  25  1   1   1   1   1   1   1   1   1   1   1   1   1   5   6   7   8   9   10  1   1   1   1   1   1   1   0   0   0   0   0   |
0   0   0   0   0   0   0   0   0   1   1   1   1   1   1   1   1   1   1   1   1   1   1   1   1   1   1   1   1   1   1   1   46  45  44  43  42  41  40  39  38  37  36  35  34  33  32  31  30  29  28  27  26  1   1   1   1   1   1   1   1   1   1   1   1   1   4   5   6   7   8   9   1   1   1   1   1   1   1   0   0   0   0   0   |
0   0   0   0   0   0   0   0   0   1   1   1   1   1   1   1   1   1   1   1   1   1   1   1   1   1   1   1   1   1   1   1   47  46  45  44  43  42  41  40  39  38  37  36  35  34  33  32  31  30  29  28  27  1   1   1   1   1   1   1   1   1   1   1   1   1   3   4   5   6   7   8   1   1   1   1   1   1   1   0   0   0   0   0   |
0   0   0   0   0   0   0   0   0   1   1   1   1   1   1   1   1   1   1   1   1   1   1   1   1   1   1   1   1   1   1   1   48  47  46  45  44  1   1   1   1   1   1   1   1   1   1   1   1   1   1   1   1   1   1   1   1   1   1   1   1   1   1   1   1   1   2   3   4   5   6   7   1   1   1   1   1   1   1   0   0   0   0   0   |
0   0   0   0   0   0   0   0   0   1   1   1   1   1   1   1   1   1   1   1   1   1   1   1   1   1   1   1   1   1   1   1   49  48  47  46  45  1   1   1   1   1   1   1   1   1   1   1   1   1   1   1   1   1   1   1   1   1   1   1   1   1   1   1   1   1   1   2   3   4   5   6   1   1   1   1   1   1   1   0   0   0   0   0   |
0   0   0   0   0   0   0   0   0   1   1   1   1   1   1   1   66  65  64  63  62  61  60  59  58  57  56  55  54  53  52  51  50  49  48  47  46  1   1   1   1   1   1   1   1   1   1   1   1   1   1   1   1   1   1   1   1   1   1   1   6   5   4   3   2   1   2   1   2   3   4   5   1   1   1   1   1   1   1   0   0   0   0   0   |
0   0   0   0   0   0   0   0   0   1   1   1   1   1   1   1   67  66  65  64  63  62  61  60  59  58  57  56  55  54  53  52  51  50  49  48  47  1   1   1   1   1   1   1   1   1   1   1   1   1   1   1   1   1   1   1   1   1   1   1   7   6   5   4   3   2   1   2   3   4   5   6   1   1   1   1   1   1   1   0   0   0   0   0   |
0   0   0   0   0   0   0   0   0   1   1   1   1   1   1   1   68  67  66  65  64  63  62  61  60  59  58  57  56  55  54  53  52  51  50  49  48  1   1   1   1   1   1   1   1   1   1   1   1   1   1   1   1   1   1   1   1   1   1   1   8   7   6   5   4   3   2   3   4   5   6   7   1   1   1   1   1   1   1   0   0   0   0   0   |
0   0   0   0   0   0   0   0   0   1   1   1   1   1   1   1   69  68  67  66  65  64  63  62  61  60  59  58  57  56  55  54  53  52  51  50  49  1   1   1   1   1   1   1   1   1   1   1   1   1   1   1   1   1   1   1   1   1   1   1   9   8   7   6   5   4   3   4   5   6   7   8   1   1   1   1   1   1   1   0   0   0   0   0   |
0   0   0   0   0   0   0   0   0   1   1   1   1   1   1   1   70  69  68  67  66  65  64  63  62  61  60  59  58  57  56  55  54  53  52  51  50  1   1   1   1   1   1   1   1   1   1   1   1   1   1   1   1   1   1   1   1   1   1   1   10  9   8   7   6   5   4   5   6   7   8   9   1   1   1   1   1   1   1   0   0   0   0   0   |
0   0   0   0   0   0   0   0   0   1   1   1   1   1   1   1   71  70  69  68  67  66  65  64  63  62  61  60  59  58  57  56  55  54  53  52  51  1   1   1   1   1   1   1   1   72  73  74  75  76  77  0   0   1   1   1   1   1   1   1   11  10  9   8   7   6   5   6   7   8   9   10  1   1   1   1   1   1   1   0   0   0   0   0   |
0   0   0   0   0   0   0   0   0   1   1   1   1   1   1   1   72  71  70  69  68  67  66  65  64  63  62  61  60  59  58  57  56  55  54  53  52  1   1   1   1   1   1   1   1   71  72  73  74  75  76  77  0   1   1   1   1   1   1   1   12  11  10  9   8   7   6   7   8   9   10  11  1   1   1   1   1   1   1   0   0   0   0   0   |
0   0   0   0   0   0   0   0   0   1   1   1   1   1   1   1   73  72  71  70  69  68  67  66  65  64  63  62  61  60  59  58  57  56  55  54  53  1   1   1   1   1   1   1   1   70  71  72  73  74  75  76  77  1   1   1   1   1   1   1   13  12  11  10  9   8   7   8   9   10  11  12  1   1   1   1   1   1   1   0   0   0   0   0   |
0   0   0   0   0   0   0   0   0   1   1   1   1   1   1   1   74  73  72  71  70  69  68  67  66  65  64  63  62  61  60  59  58  57  56  55  54  1   1   1   1   1   1   1   1   69  70  71  72  73  74  75  76  1   1   1   1   1   1   1   14  13  12  11  10  9   8   9   1   1   1   1   1   1   1   1   1   1   1   0   0   0   0   0   |
0   0   0   0   0   0   0   0   0   1   1   1   1   1   1   1   75  74  73  72  71  70  69  68  67  66  65  64  63  62  61  60  59  58  57  56  55  1   1   1   1   1   1   1   1   68  69  70  71  72  73  74  75  1   1   1   1   1   1   1   15  14  13  12  11  10  9   10  1   1   1   1   1   1   1   1   1   1   1   0   0   0   0   0   |
0   0   0   0   0   0   0   0   0   1   1   1   1   1   1   1   76  75  74  73  72  71  70  69  68  67  66  65  64  63  62  61  60  59  58  57  56  1   1   1   1   1   1   1   1   67  68  69  70  71  72  73  74  1   1   1   1   1   1   1   16  15  14  13  12  11  10  11  1   1   1   1   1   1   1   1   1   1   1   0   0   0   0   0   |
0   0   0   0   0   0   0   0   0   1   1   1   1   1   1   1   77  76  75  74  73  72  71  70  69  68  67  66  65  64  63  62  61  60  59  58  57  58  59  60  61  62  63  64  65  66  67  68  69  70  71  72  73  1   1   1   1   1   1   1   17  16  15  14  13  12  11  12  1   1   1   1   1   1   1   1   1   1   1   0   0   0   0   0   |
0   0   0   0   0   0   0   0   0   1   1   1   1   1   1   1   0   77  76  75  74  73  72  71  70  69  68  67  66  65  64  63  62  61  60  59  58  59  60  61  62  63  64  65  66  67  68  69  70  71  72  73  74  1   1   1   1   1   1   1   18  17  16  15  14  13  12  13  1   1   1   1   1   1   1   1   1   1   1   0   0   0   0   0   |
0   0   0   0   0   0   0   0   0   1   1   1   1   1   1   1   0   0   77  76  75  74  73  72  71  70  69  68  67  66  65  64  63  62  61  60  59  60  61  62  63  64  65  66  67  68  69  70  71  72  73  74  75  1   1   1   1   1   1   1   19  18  17  16  15  14  13  14  1   1   1   1   1   1   1   1   1   1   1   0   0   0   0   0   |
0   0   0   0   0   0   0   0   0   1   1   1   1   1   1   1   1   1   1   1   1   1   1   1   1   1   1   1   1   1   1   1   1   1   1   1   1   1   1   1   1   1   1   1   1   1   1   1   1   1   1   1   1   1   1   1   1   1   1   1   1   1   1   1   1   1   1   1   1   1   1   1   1   1   1   1   1   1   1   0   0   0   0   0   |
0   0   0   0   0   0   0   0   0   1   1   1   1   1   1   1   1   1   1   1   1   1   1   1   1   1   1   1   1   1   1   1   1   1   1   1   1   1   1   1   1   1   1   1   1   1   1   1   1   1   1   1   1   1   1   1   1   1   1   1   1   1   1   1   1   1   1   1   1   1   1   1   1   1   1   0   0   0   0   0   0   0   0   0   |
0   0   0   0   0   0   0   0   0   1   1   1   1   1   1   1   1   1   1   1   1   1   1   1   1   1   1   1   1   1   1   1   1   1   1   1   1   1   1   1   1   1   1   1   1   1   1   1   1   1   1   1   1   1   1   1   1   1   1   1   1   1   1   1   1   1   1   1   1   1   1   1   1   1   1   0   0   0   0   0   0   0   0   0   |
0   0   0   0   0   0   0   0   0   1   1   1   1   1   1   1   1   1   1   1   1   1   1   1   1   1   1   1   1   1   1   1   1   1   1   1   1   1   1   1   1   1   1   1   1   1   1   1   1   1   1   1   1   1   1   1   1   1   1   1   1   1   1   1   1   1   1   1   1   1   1   1   1   1   1   0   0   0   0   0   0   0   0   0   |
0   0   0   0   0   0   0   0   0   1   1   1   1   1   1   1   1   1   1   1   1   1   1   1   1   1   1   1   1   1   1   1   1   1   1   1   1   1   1   1   1   1   1   1   1   1   1   1   1   1   1   1   1   1   1   1   1   1   1   1   1   1   1   1   1   1   1   1   1   1   1   1   1   1   1   0   0   0   0   0   0   0   0   0   |
0   0   0   0   0   0   0   0   0   1   1   1   1   1   1   1   1   1   1   1   1   1   1   1   1   1   1   1   1   1   1   1   1   1   1   1   1   1   1   1   1   1   1   1   1   1   1   1   1   1   1   1   1   1   1   1   1   1   1   1   1   1   1   1   1   1   1   1   1   1   1   1   1   1   1   0   0   0   0   0   0   0   0   0   |
0   0   0   0   0   0   0   0   0   1   1   1   1   1   1   1   1   1   1   1   1   1   1   1   1   1   1   1   1   1   1   1   1   1   1   1   1   1   1   1   1   1   1   1   1   1   1   1   1   1   1   1   1   1   1   1   1   1   1   1   1   1   1   1   1   1   1   1   1   1   1   1   1   1   1   0   0   0   0   0   0   0   0   0   |
0   0   0   0   0   0   0   0   0   0   0   0   0   0   0   0   0   0   0   0   0   0   0   0   0   0   0   0   0   0   0   0   0   0   0   0   0   0   0   0   0   0   0   0   0   0   0   0   0   0   0   0   0   0   0   0   0   0   0   0   0   0   0   0   0   0   0   0   0   0   0   0   0   0   0   0   0   0   0   0   0   0   0   0   |
0   0   0   0   0   0   0   0   0   0   0   0   0   0   0   0   0   0   0   0   0   0   0   0   0   0   0   0   0   0   0   0   0   0   0   0   0   0   0   0   0   0   0   0   0   0   0   0   0   0   0   0   0   0   0   0   0   0   0   0   0   0   0   0   0   0   0   0   0   0   0   0   0   0   0   0   0   0   0   0   0   0   0   0   |
0   0   0   0   0   0   0   0   0   0   0   0   0   0   0   0   0   0   0   0   0   0   0   0   0   0   0   0   0   0   0   0   0   0   0   0   0   0   0   0   0   0   0   0   0   0   0   0   0   0   0   0   0   0   0   0   0   0   0   0   0   0   0   0   0   0   0   0   0   0   0   0   0   0   0   0   0   0   0   0   0   0   0   0   |
0   0   0   0   0   0   0   0   0   0   0   0   0   0   0   0   0   0   0   0   0   0   0   0   0   0   0   0   0   0   0   0   0   0   0   0   0   0   0   0   0   0   0   0   0   0   0   0   0   0   0   0   0   0   0   0   0   0   0   0   0   0   0   0   0   0   0   0   0   0   0   0   0   0   0   0   0   0   0   0   0   0   0   0   |
0   0   0   0   0   0   0   0   0   0   0   0   0   0   0   0   0   0   0   0   0   0   0   0   0   0   0   0   0   0   0   0   0   0   0   0   0   0   0   0   0   0   0   0   0   0   0   0   0   0   0   0   0   0   0   0   0   0   0   0   0   0   0   0   0   0   0   0   0   0   0   0   0   0   0   0   0   0   0   0   0   0   0   0   |
0   0   0   0   0   0   0   0   0   0   0   0   0   0   0   0   0   0   0   0   0   0   0   0   0   0   0   0   0   0   0   0   0   0   0   0   0   0   0   0   0   0   0   0   0   0   0   0   0   0   0   0   0   0   0   0   0   0   0   0   0   0   0   0   0   0   0   0   0   0   0   0   0   0   0   0   0   0   0   0   0   0   0   0   |
0   0   0   0   0   0   0   0   0   0   0   0   0   0   0   0   0   0   0   0   0   0   0   0   0   0   0   0   0   0   0   0   0   0   0   0   0   0   0   0   0   0   0   0   0   0   0   0   0   0   0   0   0   0   0   0   0   0   0   0   0   0   0   0   0   0   0   0   0   0   0   0   0   0   0   0   0   0   0   0   0   0   0   0   |
0   0   0   0   0   0   0   0   0   0   0   0   0   0   0   0   0   0   0   0   0   0   0   0   0   0   0   0   0   0   0   0   0   0   0   0   0   0   0   0   0   0   0   0   0   0   0   0   0   0   0   0   0   0   0   0   0   0   0   0   0   0   0   0   0   0   0   0   0   0   0   0   0   0   0   0   0   0   0   0   0   0   0   0   |
0   0   0   0   0   0   0   0   0   0   0   0   0   0   0   0   0   0   0   0   0   0   0   0   0   0   0   0   0   0   0   0   0   0   0   0   0   0   0   0   0   0   0   0   0   0   0   0   0   0   0   0   0   0   0   0   0   0   0   0   0   0   0   0   0   0   0   0   0   0   0   0   0   0   0   0   0   0   0   0   0   0   0   0   |
