kobuki instantiated
Loading map
num1: 250, num2: 130, num3: 340
load 500 -240 580 -80
Map loaded
380 390
Point coord0 0 380 380
ind_start_x 16 ind_start_y 28 ind_goal_x 54 ind_goal_y 66
Map ind 0 0 380 380
found goal
X: 0 Y: 3600
X: 400 Y: 3600
X: 400 Y: 3800
X: 3800 Y: 3800
000000000000000000000000000000000000000000000000000000000000000000000000000000000000|
000000000000000000000000000000000000000000000000000000000000000000000000000000000000|
000000000000000000000000000000000000000000000000000000000000000000000000000000000000|
000000000000000000000000000000000000000000000000000000000000000000000000000000000000|
000000000000000000000000000000000000000000000000000000000000000000000000000000000000|
000000000000000000000000000000000000000000000000000000000000000000000000000000000000|
000000000000000000000000000000000000000000000000000000000000000000000000000000000000|
000000000000000000000000000000000000000000000000000000000000000000000000000000000000|
000000000000000000001111111111111111111111111111111111111111111111111111100000000000|
000000000000000000001111111111111111111111111111111111111111111111111111100000000000|
000000000000000000001111111111111111111111111111111111111111111111111111100000000000|
000000000000000000001111111111111111111111111111111111111111111111111111100000000000|
000000000000000000001111111111111111111111111111111111111111111111111111100000000000|
000000000000000000001111111111111111111111111111111111111111111111111111111111100000|
000000000000000000001111111111111111111111111111111111111111111111111111111111100000|
00000000000000000000111111178  77  76  75  74  73  72  71  70  69  68  67  66  65  64  63  62  61  60  59  58  57  56  55  54  53  52  51  50  49  48  47  46  45  44  43  42  41  40  111111111111100000|
00000000000000000000111111179  X77  76  75  74  73  72  71  70  69  68  67  66  65  64  63  62  61  60  59  58  57  56  55  54  53  52  51  50  49  48  47  46  45  44  43  40  39  111111111111100000|
00000000000000000000111111180  81  82  83  84  85  86  87  88  89  90  91  92  93  94  95  96  97  98  99  100 101 102 103 104 105 106 107 108 109 110 111 112 113 114 115 116 39  38  111111111111100000|
00000000000000000000111111181  82  83  84  85  86  87  88  1111111111111111111111111 112 113 114 115 116 117 38  37  111111111111100000|
00001111111111111111111111196  95  94  93  92  91  90  89  11111111111111111111111123 122 121 120 119 118 37  36  111111111111100000|
00001111111111111111111111197  96  95  94  93  92  91  90  11111111111111111111111124 123 122 121 120 119 36  35  34  35  0000111111100000|
00001111111111111111111111198  99  100 101 102 103 104 105 11111111111111111111111125 126 127 128 129 130 131 34  33  34  0000111111100000|
00001111111111111111111111199  100 101 102 103 104 105 106 11111111111111111111111126 127 128 129 130 131 132 33  32  33  0000111111100000|
000011111111111111111111111114 113 112 111 110 109 108 107 11111111111111111111111139 138 137 136 135 134 133 32  31  32  0000111111100000|
000011111111111111111111111115 114 113 112 111 110 109 108 11111111111111111111111140 139 138 137 136 135 134 31  30  31  0000111111100000|
000011111111111111111111111116 117 118 119 120 121 122 123 11111111111111111111111141 142 143 144 145 146 147 30  29  30  0000111111100000|
00001111111341 340 339 338 337 336 335 334 11111111117 118 119 120 121 122 123 124 1111111172 171 170 169 168 167 166 165 164 163 162 161 160 159 158 157 142 143 144 145 146 147 148 29  28  29  0000111111100000|
00001111111342 341 340 339 338 337 334 333 11111111132 131 130 129 128 127 126 125 1111111173 172 171 170 169 168 167 166 165 164 163 162 161 160 157 156 155 154 153 152 151 150 149 28  27  28  0000111111100000|
00001111111343 344 345 346 347 348 333 332 11111111133 132 131 130 129 128 127 126 1111111174 175 176 177 178 179 180 181 182 183 184 185 186 187 188 157 156 155 154 153 152 151 150 27  26  27  0000111111100000|
00001111111344 345 346 347 348 349 332 331 11111111134 135 136 137 138 139 140 141 1111111175 176 177 178 179 1111111111111241 242 243 244 245 26  25  26  0000111111100000|
00001111111355 354 353 352 351 350 331 330 11111111135 136 137 138 139 140 141 142 1111111184 183 182 181 180 1111111111111240 241 244 245 246 25  24  25  0000111111100000|
0000111111111111351 330 329 11111111150 149 148 147 146 145 144 143 1111111185 184 183 182 181 1111111111111239 240 249 248 247 24  23  24  0000111111100000|
0000111111111111352 329 328 11111111151 150 149 148 147 146 145 144 1111111186 187 188 189 190 1111111111111238 239 250 249 248 23  22  23  0000111111100000|
0000111111111111353 328 327 11111111152 153 154 155 156 157 158 159 1111111187 188 189 190 191 1111111111111237 238 251 252 253 22  21  22  0000111111100000|
0000111111111111354 327 326 11111111111111111111111196 195 194 193 192 1111111111111236 237 252 253 254 21  20  21  0000111111100000|
0000111111111111355 326 325 11111111111111111111111197 196 195 194 193 1111111111111235 236 257 256 255 20  19  20  0000111111100000|
0000111111111111356 325 324 11111111111111111111111198 199 200 201 202 1111111111111234 235 258 257 256 19  18  19  0000111111100000|
0000111111111111357 324 323 11111111111111111111111199 200 201 202 203 1111111111111233 234 259 260 261 18  17  18  0000111111100000|
0000000001111111358 323 322 11111111111111111111111208 207 206 205 204 1111111111111232 233 260 261 262 17  16  17  0000111111100000|
0000000001111111359 322 321 11111111111111111111111209 208 207 206 205 1111111111111231 232 265 264 263 16  15  16  0000111111100000|
0000000001111111360 321 320 11111111111111111111111210 211 212 213 214 1111111111111230 231 266 265 264 15  14  15  0000111111100000|
0000000001111111361 320 319 318 317 316 315 314 313 312 311 310 309 308 307 306 305 304 303 302 301 300 299 298 297 296 211 212 213 214 215 216 217 218 219 220 221 222 223 224 225 226 227 228 229 230 267 268 269 14  13  14  0000111111100000|
0000000001111111362 363 320 319 318 317 316 315 314 313 312 311 310 309 308 307 306 305 304 303 302 301 300 299 296 295 294 293 292 291 216 217 218 219 220 221 222 223 224 225 226 227 228 229 230 275 268 269 270 13  12  13  0000111111100000|
0000000001111111363 364 365 366 367 368 369 370 371 372 373 374 375 376 377 378 379 380 381 382 383 384 385 386 387 296 295 294 291 290 289 288 287 286 285 284 283 282 281 280 279 278 277 276 275 274 273 272 271 12  11  12  0000111111100000|
0000000001111111442 365 366 367 368 369 370 371 372 373 374 375 376 377 378 379 380 381 382 383 384 385 386 387 388 389 390 391 392 291 290 289 288 287 286 285 284 283 282 281 280 279 278 277 276 275 274 273 272 11  10  11  0000111111100000|
0000000001111111441 440 439 438 437 436 435 434 433 432 431 430 429 428 427 426 425 424 423 422 421 420 419 418 389 390 391 392 393 394 395 396 397 398 399 400 401 402 403 404 405 406 407 408 409 410 411 412 413 10  910  0000111111100000|
0000000001111111442 441 440 439 438 437 436 435 434 433 432 431 430 429 428 427 426 425 424 423 422 421 418 417 416 415 414 413 394 395 396 397 398 399 400 401 402 403 404 405 406 407 408 409 410 411 412 413 414 9890000111111100000|
00000000011111111111111111111111427 428 429 430 431 432 433 418 417 416 413 412 411 410 409 408 407 406 405 404 403 1111111111111780000111111100000|
00000000011111111111111111111111428 429 430 431 432 433 434 435 436 437 438 413 412 411 410 409 408 407 406 405 404 1111111111111670000111111100000|
00000000011111111111111111111111473 472 471 470 469 468 435 436 437 438 439 440 441 442 443 444 445 446 447 448 449 1111111111111560000111111100000|
00000000011111111111111111111111474 473 472 471 468 467 466 465 464 463 440 441 442 443 444 445 446 447 448 449 450 1111111111111450000111111100000|
00000000011111111111111111111111475 476 477 478 479 468 467 466 463 462 461 460 459 458 457 456 455 454 453 452 451 1111111111111340000111111100000|
00000000011111111111111111111111476 477 478 479 480 11111111111111111111111111111230000111111100000|
00000000011111111111111111111111485 484 483 482 481 11111111111111111111111111111120000111111100000|
0000000001111111502 501 500 499 498 497 496 495 494 493 492 491 490 489 488 487 486 485 484 483 482 11111111111111111111111000001210000111111100000|
0000000001111111503 502 501 500 499 498 497 496 495 494 493 492 491 490 489 488 487 522 523 524 525 11111111111111111111111000000100000111111100000|
0000000001111111504 505 506 507 508 509 510 511 512 513 514 515 516 517 518 519 520 521 522 525 526 11111111111111111111111000000000000111111100000|
0000000001111111505 506 507 508 509 510 511 512 513 514 515 516 517 518 519 520 521 522 529 528 527 11111111111111111111111000000000000111111100000|
0000000001111111548 547 546 545 544 543 542 541 540 539 538 537 536 535 534 533 532 531 530 529 528 11111111111111111111111000000000000111111100000|
0000000001111111549 548 547 546 545 544 543 542 541 540 539 538 537 536 535 534 533 532 531 570 571 11111111630 631 632 633 634 635 636 637 1111111000000000000111111100000|
0000000001111111550 551 552 553 554 555 556 557 558 559 560 561 562 563 564 565 566 567 568 569 570 11111111629 630 633 634 635 636 637 638 1111111000000000000111111100000|
0000000001111111551 552 553 554 555 556 557 558 559 560 561 562 563 564 565 566 567 568 569 570 571 11111111628 629 644 643 642 641 640 639 1111111000000000000111111100000|
0000000001111111592 591 590 589 588 587 586 585 584 583 582 581 580 579 578 577 576 575 574 573 572 11111111627 628 645 644 643 642 641 640 1111111000000001111111111100000|
0000000001111111593 592 591 590 589 588 587 586 585 584 583 582 581 580 579 578 577 576 575 574 573 11111111626 627 646 647 648 649 650 651 1111111000000001111111111100000|
0000000001111111594 595 596 597 598 599 600 601 602 603 604 605 606 607 608 609 610 611 612 613 614 11111111625 626 647 648 649 650 651 652 1111111000000001111111111100000|
0000000001111111595 596 597 598 599 600 601 602 603 604 605 606 607 608 609 610 611 612 613 614 615 616 617 618 619 620 621 622 623 624 625 658 657 656 655 654 653 1111111000000001111111111100000|
0000000001111111692 691 690 689 688 687 686 685 684 683 682 681 680 679 678 677 676 675 674 673 616 617 618 619 620 621 622 623 624 625 660 659 658 657 656 655 654 1111111000000001111111111100000|
0000000001111111693 692 691 690 689 688 687 686 685 684 683 682 681 680 679 678 677 676 673 672 671 670 669 668 667 666 665 664 663 662 661 660 661 662 663 664 665 1111111000000001111111111100000|
000000000111111111111111111111111111111111111111111111111111111111111111111111100000|
000000000111111111111111111111111111111111111111111111111111111111111111111000000000|
000000000111111111111111111111111111111111111111111111111111111111111111111000000000|
000000000111111111111111111111111111111111111111111111111111111111111111111000000000|
000000000111111111111111111111111111111111111111111111111111111111111111111000000000|
000000000111111111111111111111111111111111111111111111111111111111111111111000000000|
000000000111111111111111111111111111111111111111111111111111111111111111111000000000|
000000000000000000000000000000000000000000000000000000000000000000000000000000000000|
000000000000000000000000000000000000000000000000000000000000000000000000000000000000|
000000000000000000000000000000000000000000000000000000000000000000000000000000000000|
000000000000000000000000000000000000000000000000000000000000000000000000000000000000|
000000000000000000000000000000000000000000000000000000000000000000000000000000000000|
000000000000000000000000000000000000000000000000000000000000000000000000000000000000|
000000000000000000000000000000000000000000000000000000000000000000000000000000000000|
000000000000000000000000000000000000000000000000000000000000000000000000000000000000|
000000000000000000000000000000000000000000000000000000000000000000000000000000000000|
kobuki instantiated
Loading map
num1: 250, num2: 130, num3: 340
load 500 -240 580 -80
000000000000000000000000000000000000000000000000000000000000000000000000000000000000|
000000000000000000000000000000000000000000000000000000000000000000000000000000000000|
000000000000000000000000000000000000000000000000000000000000000000000000000000000000|
000000000000000000000000000000000000000000000000000000000000000000000000000000000000|
000000000000000000000000000000000000000000000000000000000000000000000000000000000000|
000000000000000000000000000000000000000000000000000000000000000000000000000000000000|
000000000000000000000000000000000000000000000000000000000000000000000000000000000000|
000000000000000000000000000000000000000000000000000000000000000000000000000000000000|
000000000000000000001111111111111111111111111111111111111111111111111111100000000000|
000000000000000000001111111111111111111111111111111111111111111111111111100000000000|
000000000000000000001111111111111111111111111111111111111111111111111111100000000000|
000000000000000000001111111111111111111111111111111111111111111111111111100000000000|
000000000000000000001111111111111111111111111111111111111111111111111111100000000000|
000000000000000000001111111111111111111111111111111111111111111111111111111111100000|
000000000000000000001111111111111111111111111111111111111111111111111111111111100000|
000000000000000000001111111000000000000000000000000000000000000000111111111111100000|
0000000000000000000011111110X0000000000000000000000000000000000000111111111111100000|
000000000000000000001111111000000000000000000000000000000000000000111111111111100000|
000000000000000000001111111000000001111111111111111111111000000000111111111111100000|
000011111111111111111111111000000001111111111111111111111100000000111111111111100000|
000011111111111111111111111000000001111111111111111111111100000000000000111111100000|
000011111111111111111111111000000001111111111111111111111100000000000000111111100000|
000011111111111111111111111000000001111111111111111111111100000000000000111111100000|
000011111111111111111111111000000001111111111111111111111100000000000000111111100000|
000011111111111111111111111000000001111111111111111111111100000000000000111111100000|
000011111111111111111111111000000001111111111111111111111100000000000000111111100000|
000011111110000000011111111000000001111111000000000000000000000000000000111111100000|
000011111110000000011111111000000001111111000000000000000000000000000000111111100000|
000011111110000000011111111000000001111111000000000000000000000000000000111111100000|
000011111110000000011111111000000001111111000001111111111111000000000000111111100000|
000011111110000000011111111000000001111111000001111111111111000000000000111111100000|
000011111111111100011111111000000001111111000001111111111111000000000000111111100000|
000011111111111100011111111000000001111111000001111111111111000000000000111111100000|
000011111111111100011111111000000001111111000001111111111111000000000000111111100000|
000011111111111100011111111111111111111111000001111111111111000000000000111111100000|
000011111111111100011111111111111111111111000001111111111111000000000000111111100000|
000011111111111100011111111111111111111111000001111111111111000000000000111111100000|
000011111111111100011111111111111111111111000001111111111111000000000000111111100000|
000000000111111100011111111111111111111111000001111111111111000000000000111111100000|
000000000111111100011111111111111111111111000001111111111111000000000000111111100000|
000000000111111100011111111111111111111111000001111111111111000000000000111111100000|
000000000111111100000000000000000000000000000000000000000000000000000000111111100000|
000000000111111100000000000000000000000000000000000000000000000000000000111111100000|
000000000111111100000000000000000000000000000000000000000000000000000000111111100000|
000000000111111100000000000000000000000000000000000000000000000000000000111111100000|
000000000111111100000000000000000000000000000000000000000000000000000000111111100000|
000000000111111100000000000000000000000000000000000000000000000000000000111111100000|
000000000111111111111111111111110000000000000000000001111111111111000000111111100000|
000000000111111111111111111111110000000000000000000001111111111111000000111111100000|
000000000111111111111111111111110000000000000000000001111111111111000000111111100000|
000000000111111111111111111111110000000000000000000001111111111111000000111111100000|
000000000111111111111111111111110000000000000000000001111111111111000000111111100000|
000000000111111111111111111111110000011111111111111111111111111111000000111111100000|
000000000111111111111111111111110000011111111111111111111111111111000000111111100000|
000000000111111100000000000000000000011111111111111111111111000000000000111111100000|
000000000111111100000000000000000000011111111111111111111111000000000000111111100000|
000000000111111100000000000000000000011111111111111111111111000000000000111111100000|
000000000111111100000000000000000000011111111111111111111111000000000000111111100000|
000000000111111100000000000000000000011111111111111111111111000000000000111111100000|
000000000111111100000000000000000000011111111000000001111111000000000000111111100000|
000000000111111100000000000000000000011111111000000001111111000000000000111111100000|
000000000111111100000000000000000000011111111000000001111111000000000000111111100000|
000000000111111100000000000000000000011111111000000001111111000000001111111111100000|
000000000111111100000000000000000000011111111000000001111111000000001111111111100000|
000000000111111100000000000000000000011111111000000001111111000000001111111111100000|
000000000111111100000000000000000000000000000000000001111111000000001111111111100000|
000000000111111100000000000000000000000000000000000001111111000000001111111111100000|
000000000111111100000000000000000000000000000000000001111111000000001111111111100000|
000000000111111111111111111111111111111111111111111111111111111111111111111111100000|
000000000111111111111111111111111111111111111111111111111111111111111111111000000000|
000000000111111111111111111111111111111111111111111111111111111111111111111000000000|
000000000111111111111111111111111111111111111111111111111111111111111111111000000000|
000000000111111111111111111111111111111111111111111111111111111111111111111000000000|
000000000111111111111111111111111111111111111111111111111111111111111111111000000000|
000000000111111111111111111111111111111111111111111111111111111111111111111000000000|
000000000000000000000000000000000000000000000000000000000000000000000000000000000000|
000000000000000000000000000000000000000000000000000000000000000000000000000000000000|
000000000000000000000000000000000000000000000000000000000000000000000000000000000000|
000000000000000000000000000000000000000000000000000000000000000000000000000000000000|
000000000000000000000000000000000000000000000000000000000000000000000000000000000000|
000000000000000000000000000000000000000000000000000000000000000000000000000000000000|
000000000000000000000000000000000000000000000000000000000000000000000000000000000000|
000000000000000000000000000000000000000000000000000000000000000000000000000000000000|
000000000000000000000000000000000000000000000000000000000000000000000000000000000000|
Map loaded
0 10
Point coord0 0 0 0
ind_start_x 16 ind_start_y 28 ind_goal_x 16 ind_goal_y 28
Map ind 0 0 0 0
found goal
