145 305 610
[-55,-55][-55,-45][-55,-35][-55,-25][-55,-15][-55,-5][-55,5][-55,15][-55,25][-55,35][-55,45][-55,55][-55,65][-55,75][-55,85][-55,95][-55,105][-55,115][-55,125][-55,135][-55,145][-55,155][-55,165][-55,175][-55,185][-55,195][-55,205][-55,215][-55,225][-55,235][-55,245][-55,255][-55,265][-55,275][-55,285][-55,295][-55,305][-55,315][-55,325][-55,335][-55,345][-55,355][-55,365][-55,375][-55,385][-55,395][-55,405][-55,415]
[-45,-55][-45,405][-45,415]
[-35,-55][-35,405][-35,415]
[-25,-55][-25,405][-25,415]
[-15,-55][-15,405][-15,415]
[-5,-55][-5,405][-5,415][-5,425][-5,435][-5,445][-5,455][-5,465]
[5,-55][5,405][5,415][5,425][5,435][5,445][5,455][5,465]
[15,-55][15,455][15,465]
[25,-55][25,455][25,465]
[35,-55][35,455][35,465]
[45,-55][45,95][45,105][45,115][45,125][45,135][45,145][45,155][45,165][45,175][45,185][45,195][45,205][45,215][45,235][45,455][45,465]
[55,-55][55,95][55,105][55,115][55,125][55,135][55,145][55,155][55,165][55,175][55,185][55,195][55,205][55,215][55,225][55,235][55,245][55,255][55,455][55,465]
[65,-55][65,95][65,455][65,465]
[75,-55][75,95][75,455][75,465]
[85,-55][85,95][85,455][85,465]
[95,-55][95,95][95,455][95,465]
[105,-55][105,95][105,455][105,465]
[115,-55][115,95][115,455][115,465]
[125,-55][125,95][125,455][125,465]
[135,-55][135,95][135,455][135,465]
[145,-55][145,95][145,455][145,465]
[155,-55][155,95][155,215][155,225][155,235][155,245][155,255][155,265][155,275][155,285][155,455][155,465]
[165,-55][165,95][165,225][165,235][165,245][165,255][165,275][165,455][165,465]
[175,-165][175,-55][175,95][175,275][175,285][175,455][175,465]
[185,-165][185,-55][185,95][185,275][185,455][185,465]
[195,-165][195,-55][195,95][195,275][195,285][195,455][195,465]
[205,-165][205,-65][205,-55][205,-45][205,-35][205,-25][205,-15][205,-5][205,5][205,15][205,25][205,35][205,45][205,55][205,65][205,75][205,85][205,95][205,215][205,225][205,235][205,245][205,255][205,265][205,275][205,455][205,465]
[215,-165][215,225][215,235][215,245][215,255][215,265][215,275][215,455][215,465]
[225,-165][225,455][225,465]
[235,-165][235,455][235,465]
[245,-165][245,455][245,465]
[255,-165][255,455][255,465]
[265,-165][265,455][265,465]
[275,-165][275,455][275,465]
[285,-165][285,455][285,465]
[295,-165][295,455][295,465]
[305,-165][305,455][305,465]
[315,-165][315,455][315,465]
[325,-165][325,335][325,455][325,465]
[335,-165][335,275][335,285][335,295][335,305][335,315][335,325][335,335][335,455][335,465]
[345,-165][345,275][345,455][345,465]
[355,-165][355,275][355,455][355,465]
[365,-165][365,275][365,455][365,465]
[375,-165][375,-155][375,-145][375,-135][375,-125][375,-115][375,-105][375,-95][375,-85][375,-75][375,-65][375,-55][375,-45][375,-35][375,-25][375,-15][375,-5][375,275][375,455][375,465]
[385,-165][385,-115][385,-75][385,-45][385,-25][385,-15][385,-5][385,115][385,125][385,135][385,145][385,155][385,165][385,175][385,185][385,195][385,205][385,215][385,225][385,235][385,245][385,255][385,265][385,275][385,455][385,465]
[395,-165][395,115][395,125][395,135][395,145][395,155][395,165][395,175][395,185][395,195][395,205][395,215][395,225][395,235][395,245][395,265][395,275][395,455][395,465]
[405,-165][405,115][405,125][405,275][405,455][405,465]
[415,-165][415,115][415,125][415,275][415,455][415,465]
[425,-165][425,115][425,125][425,275][425,455][425,465]
[435,-165][435,115][435,125][435,275][435,455][435,465]
[445,-165][445,115][445,125][445,275][445,455][445,465]
[455,-165][455,275][455,455][455,465]
[465,-165][465,275][465,455][465,465]
[475,-165][475,275][475,455][475,465]
[485,-165][485,275][485,425][485,435][485,445][485,455][485,465]
[495,-165][495,275][495,425][495,435][495,445][495,455]
[505,-165][505,275][505,425]
[515,-165][515,275][515,425]
[525,-165][525,275][525,425]
[535,-165][535,275][535,285][535,295][535,305][535,315][535,325][535,335][535,345][535,355][535,365][535,375][535,385][535,395][535,405][535,415][535,425]
[545,-165][545,-155][545,-145][545,-135][545,-125][545,-115][545,-105][545,-95][545,-85][545,-75][545,-65][545,-55][545,-45][545,-35][545,-25][545,-15][545,-5][545,5][545,15][545,25][545,35][545,45][545,55][545,65][545,75][545,85][545,95][545,105][545,115][545,125][545,135][545,145][545,155][545,165][545,175][545,185][545,195][545,205][545,215][545,225][545,235][545,245][545,255][545,265][545,275][545,285][545,295][545,305][545,315][545,325][545,335][545,345][545,355][545,365][545,375][545,385][545,395][545,405][545,415][545,425]
