245 125 345
[-65,-55][-65,-45][-65,-35][-65,-25][-65,-15][-65,-5][-65,5][-65,15][-65,25][-65,35][-65,45][-65,55][-65,65][-65,75][-65,85][-65,95][-65,105][-65,115][-65,125][-65,135][-65,145][-65,155][-65,165][-65,175][-65,185][-65,195][-65,205][-65,215][-65,225][-65,235][-65,245][-65,255][-65,265][-65,275][-65,285][-65,295][-65,305][-65,315][-65,325][-65,335][-65,345][-65,355][-65,365][-65,375][-65,385][-65,395][-65,405]
[-55,-65][-55,405]
[-45,-65][-45,-55][-45,405]
[-35,-65][-35,-55][-35,405]
[-25,-65][-25,405]
[-15,-65][-15,405]
[-5,-65][-5,405][-5,415][-5,425][-5,435][-5,445][-5,455][-5,465]
[5,-65][5,465]
[15,-65][15,465]
[25,-65][25,465]
[35,-65][35,465]
[45,-65][45,-55][45,-45][45,-35][45,-25][45,-15][45,-5][45,5][45,15][45,25][45,35][45,45][45,55][45,65][45,75][45,85][45,95][45,105][45,115][45,125][45,135][45,145][45,155][45,165][45,175][45,185][45,195][45,205][45,215][45,225][45,235][45,245][45,465]
[55,-225][55,-215][55,-205][55,-195][55,-185][55,-175][55,-165][55,-155][55,-145][55,-135][55,-125][55,-115][55,-105][55,-95][55,-85][55,-75][55,-65][55,-55][55,-45][55,-35][55,-25][55,-15][55,-5][55,5][55,15][55,25][55,35][55,45][55,55][55,65][55,75][55,85][55,95][55,105][55,115][55,125][55,135][55,145][55,155][55,165][55,175][55,185][55,195][55,205][55,215][55,225][55,235][55,245][55,465]
[65,-225][65,465]
[75,-225][75,465]
[85,-225][85,465]
[95,-225][95,465]
[105,-225][105,465]
[115,-225][115,465]
[125,-225][125,465]
[135,-225][135,465]
[145,-225][145,465]
[155,-225][155,215][155,225][155,235][155,245][155,255][155,265][155,275][155,465]
[165,-225][165,275][165,465]
[175,-165][175,275][175,465]
[185,-165][185,275][185,465]
[195,-165][195,275][195,465]
[205,-165][205,215][205,225][205,235][205,245][205,255][205,265][205,275][205,465]
[215,-165][215,465]
[225,-165][225,465]
[235,-165][235,465]
[245,-165][245,465]
[255,-165][255,465]
[265,-165][265,465]
[275,-165][275,465]
[285,-165][285,465]
[295,-165][295,465]
[305,-165][305,465]
[315,-165][315,465]
[325,-165][325,465]
[335,-165][335,275][335,285][335,295][335,305][335,315][335,325][335,335][335,465]
[345,-165][345,275][345,465]
[355,-165][355,275][355,465]
[365,-165][365,275][365,465]
[375,-165][375,-155][375,-145][375,-135][375,-125][375,-115][375,-105][375,-95][375,-85][375,-75][375,-65][375,-55][375,-45][375,-35][375,-25][375,-15][375,275][375,465]
[385,-165][385,115][385,125][385,135][385,145][385,155][385,165][385,175][385,185][385,195][385,205][385,215][385,225][385,235][385,245][385,255][385,265][385,275][385,465]
[395,-165][395,275][395,465]
[405,-165][405,275][405,465]
[415,-165][415,275][415,465]
[425,-165][425,275][425,465]
[435,-165][435,275][435,465]
[445,-165][445,275][445,465]
[455,-165][455,275][455,465]
[465,-165][465,275][465,465]
[475,-165][475,275][475,465]
[485,-165][485,275][485,425][485,435][485,445][485,455][485,465]
[495,-165][495,275][495,425]
[505,-165][505,275][505,425]
[515,-165][515,275][515,425]
[525,-165][525,275][525,425]
[535,-165][535,275][535,425]
[545,-165][545,-155][545,-145][545,-135][545,-125][545,-115][545,-105][545,-95][545,-85][545,-75][545,-65][545,-55][545,-45][545,-35][545,-25][545,-15][545,-5][545,5][545,15][545,25][545,35][545,45][545,55][545,65][545,75][545,85][545,95][545,105][545,115][545,125][545,135][545,145][545,155][545,165][545,175][545,185][545,195][545,205][545,215][545,225][545,235][545,245][545,255][545,265][545,275][545,285][545,295][545,305][545,315][545,325][545,335][545,345][545,355][545,365][545,375][545,385][545,395][545,405][545,415][545,425]
